10
3 5
7
1 1 1 1 2
5 3 2 12 4
1 1 1 1 9
4 3
13
32 0 7 
4 21 8
29 3 4
5 22 -1
7 6
17
1 9 -8 4 18 9 
0 4 21 17 2 19
11 -7 0 -22 7 2
23 9 -12 6 10 -2
17 33 21 44 -12 9
8 -5 16 9 0 1
2 -22 40 8 -1 6  
4 8
2
10 13 7 16 9 12 9 -2
-4 44 8 12 33 21 -12 7
-17 10 22 16 -7 9 11 18
22 17 14 -9 -12 26 14 21
3 7
-4
3 13 8 19 4 11 31
-7 0 16 7 8 19 10
12 -1 2 22 18 -19 1
4 2
3
10 23
0 9
14 -2
6 7
4 4
12
2 3 4 3
-3 7 1 0
22 15 2 8
-6 24 3 -5
1 12
-5
0 21 8 19 2 34 -9 -21 10 -9 1 13
3 5
4
17 88 91 0 -1
22 -12 14 9 1
18 13 91 7 -2
3 5
3
17 82 91 0 -1
12 -12 14 9 1
18 13 91 11 -2